{
 "cells": [
  {
   "cell_type": "code",
   "execution_count": null,
   "id": "73f1053a",
   "metadata": {},
   "outputs": [],
   "source": [
    "import pandas as pd"
   ]
  },
  {
   "cell_type": "code",
   "execution_count": 3,
   "id": "a5c23ebe",
   "metadata": {},
   "outputs": [
    {
     "name": "stdout",
     "output_type": "stream",
     "text": [
      ".. _diabetes_dataset:\n",
      "\n",
      "Diabetes dataset\n",
      "----------------\n",
      "\n",
      "Ten baseline variables, age, sex, body mass index, average blood\n",
      "pressure, and six blood serum measurements were obtained for each of n =\n",
      "442 diabetes patients, as well as the response of interest, a\n",
      "quantitative measure of disease progression one year after baseline.\n",
      "\n",
      "**Data Set Characteristics:**\n",
      "\n",
      "  :Number of Instances: 442\n",
      "\n",
      "  :Number of Attributes: First 10 columns are numeric predictive values\n",
      "\n",
      "  :Target: Column 11 is a quantitative measure of disease progression one year after baseline\n",
      "\n",
      "  :Attribute Information:\n",
      "      - age     age in years\n",
      "      - sex\n",
      "      - bmi     body mass index\n",
      "      - bp      average blood pressure\n",
      "      - s1      tc, total serum cholesterol\n",
      "      - s2      ldl, low-density lipoproteins\n",
      "      - s3      hdl, high-density lipoproteins\n",
      "      - s4      tch, total cholesterol / HDL\n",
      "      - s5      ltg, possibly log of serum triglycerides level\n",
      "      - s6      glu, blood sugar level\n",
      "\n",
      "Note: Each of these 10 feature variables have been mean centered and scaled by the standard deviation times `n_samples` (i.e. the sum of squares of each column totals 1).\n",
      "\n",
      "Source URL:\n",
      "https://www4.stat.ncsu.edu/~boos/var.select/diabetes.html\n",
      "\n",
      "For more information see:\n",
      "Bradley Efron, Trevor Hastie, Iain Johnstone and Robert Tibshirani (2004) \"Least Angle Regression,\" Annals of Statistics (with discussion), 407-499.\n",
      "(https://web.stanford.edu/~hastie/Papers/LARS/LeastAngle_2002.pdf)\n"
     ]
    }
   ],
   "source": [
    "from sklearn.datasets import load_diabetes\n",
    "dataset = load_diabetes()\n",
    "print(dataset['DESCR'])\n"
   ]
  },
  {
   "cell_type": "code",
   "execution_count": 6,
   "id": "2d5b4b8f",
   "metadata": {},
   "outputs": [
    {
     "name": "stdout",
     "output_type": "stream",
     "text": [
      "[[ 0.03807591  0.05068012  0.06169621 ... -0.00259226  0.01990842\n",
      "  -0.01764613]\n",
      " [-0.00188202 -0.04464164 -0.05147406 ... -0.03949338 -0.06832974\n",
      "  -0.09220405]\n",
      " [ 0.08529891  0.05068012  0.04445121 ... -0.00259226  0.00286377\n",
      "  -0.02593034]\n",
      " ...\n",
      " [ 0.04170844  0.05068012 -0.01590626 ... -0.01107952 -0.04687948\n",
      "   0.01549073]\n",
      " [-0.04547248 -0.04464164  0.03906215 ...  0.02655962  0.04452837\n",
      "  -0.02593034]\n",
      " [-0.04547248 -0.04464164 -0.0730303  ... -0.03949338 -0.00421986\n",
      "   0.00306441]]\n",
      "[151.  75. 141. 206. 135.  97. 138.  63. 110. 310. 101.  69. 179. 185.\n",
      " 118. 171. 166. 144.  97. 168.  68.  49.  68. 245. 184. 202. 137.  85.\n",
      " 131. 283. 129.  59. 341.  87.  65. 102. 265. 276. 252.  90. 100.  55.\n",
      "  61.  92. 259.  53. 190. 142.  75. 142. 155. 225.  59. 104. 182. 128.\n",
      "  52.  37. 170. 170.  61. 144.  52. 128.  71. 163. 150.  97. 160. 178.\n",
      "  48. 270. 202. 111.  85.  42. 170. 200. 252. 113. 143.  51.  52. 210.\n",
      "  65. 141.  55. 134.  42. 111.  98. 164.  48.  96.  90. 162. 150. 279.\n",
      "  92.  83. 128. 102. 302. 198.  95.  53. 134. 144. 232.  81. 104.  59.\n",
      " 246. 297. 258. 229. 275. 281. 179. 200. 200. 173. 180.  84. 121. 161.\n",
      "  99. 109. 115. 268. 274. 158. 107.  83. 103. 272.  85. 280. 336. 281.\n",
      " 118. 317. 235.  60. 174. 259. 178. 128.  96. 126. 288.  88. 292.  71.\n",
      " 197. 186.  25.  84.  96. 195.  53. 217. 172. 131. 214.  59.  70. 220.\n",
      " 268. 152.  47.  74. 295. 101. 151. 127. 237. 225.  81. 151. 107.  64.\n",
      " 138. 185. 265. 101. 137. 143. 141.  79. 292. 178.  91. 116.  86. 122.\n",
      "  72. 129. 142.  90. 158.  39. 196. 222. 277.  99. 196. 202. 155.  77.\n",
      " 191.  70.  73.  49.  65. 263. 248. 296. 214. 185.  78.  93. 252. 150.\n",
      "  77. 208.  77. 108. 160.  53. 220. 154. 259.  90. 246. 124.  67.  72.\n",
      " 257. 262. 275. 177.  71.  47. 187. 125.  78.  51. 258. 215. 303. 243.\n",
      "  91. 150. 310. 153. 346.  63.  89.  50.  39. 103. 308. 116. 145.  74.\n",
      "  45. 115. 264.  87. 202. 127. 182. 241.  66.  94. 283.  64. 102. 200.\n",
      " 265.  94. 230. 181. 156. 233.  60. 219.  80.  68. 332. 248.  84. 200.\n",
      "  55.  85.  89.  31. 129.  83. 275.  65. 198. 236. 253. 124.  44. 172.\n",
      " 114. 142. 109. 180. 144. 163. 147.  97. 220. 190. 109. 191. 122. 230.\n",
      " 242. 248. 249. 192. 131. 237.  78. 135. 244. 199. 270. 164.  72.  96.\n",
      " 306.  91. 214.  95. 216. 263. 178. 113. 200. 139. 139.  88. 148.  88.\n",
      " 243.  71.  77. 109. 272.  60.  54. 221.  90. 311. 281. 182. 321.  58.\n",
      " 262. 206. 233. 242. 123. 167.  63. 197.  71. 168. 140. 217. 121. 235.\n",
      " 245.  40.  52. 104. 132.  88.  69. 219.  72. 201. 110.  51. 277.  63.\n",
      " 118.  69. 273. 258.  43. 198. 242. 232. 175.  93. 168. 275. 293. 281.\n",
      "  72. 140. 189. 181. 209. 136. 261. 113. 131. 174. 257.  55.  84.  42.\n",
      " 146. 212. 233.  91. 111. 152. 120.  67. 310.  94. 183.  66. 173.  72.\n",
      "  49.  64.  48. 178. 104. 132. 220.  57.]\n"
     ]
    }
   ],
   "source": [
    "print(dataset.data)\n",
    "print(dataset.target)"
   ]
  },
  {
   "cell_type": "code",
   "execution_count": 7,
   "id": "666abccd",
   "metadata": {},
   "outputs": [],
   "source": [
    "X = pd.DataFrame(dataset.data,columns=['age','sex','bmi','bp','s1','s2','s3','s4','s5','s6'])\n",
    "y = dataset['target']"
   ]
  },
  {
   "cell_type": "code",
   "execution_count": 8,
   "id": "41a07c3a",
   "metadata": {},
   "outputs": [],
   "source": [
    "from sklearn.model_selection import train_test_split\n",
    "X_train,X_test,y_train,y_test=train_test_split(X,y,test_size=0.2,random_state=10)"
   ]
  },
  {
   "cell_type": "code",
   "execution_count": 9,
   "id": "b1e27f91",
   "metadata": {},
   "outputs": [
    {
     "data": {
      "text/html": [
       "<div>\n",
       "<style scoped>\n",
       "    .dataframe tbody tr th:only-of-type {\n",
       "        vertical-align: middle;\n",
       "    }\n",
       "\n",
       "    .dataframe tbody tr th {\n",
       "        vertical-align: top;\n",
       "    }\n",
       "\n",
       "    .dataframe thead th {\n",
       "        text-align: right;\n",
       "    }\n",
       "</style>\n",
       "<table border=\"1\" class=\"dataframe\">\n",
       "  <thead>\n",
       "    <tr style=\"text-align: right;\">\n",
       "      <th></th>\n",
       "      <th>age</th>\n",
       "      <th>sex</th>\n",
       "      <th>bmi</th>\n",
       "      <th>bp</th>\n",
       "      <th>s1</th>\n",
       "      <th>s2</th>\n",
       "      <th>s3</th>\n",
       "      <th>s4</th>\n",
       "      <th>s5</th>\n",
       "      <th>s6</th>\n",
       "    </tr>\n",
       "  </thead>\n",
       "  <tbody>\n",
       "    <tr>\n",
       "      <th>age</th>\n",
       "      <td>1.000000</td>\n",
       "      <td>0.196083</td>\n",
       "      <td>0.202593</td>\n",
       "      <td>0.367480</td>\n",
       "      <td>0.238894</td>\n",
       "      <td>0.194840</td>\n",
       "      <td>-0.119524</td>\n",
       "      <td>0.228041</td>\n",
       "      <td>0.302277</td>\n",
       "      <td>0.345631</td>\n",
       "    </tr>\n",
       "    <tr>\n",
       "      <th>sex</th>\n",
       "      <td>0.196083</td>\n",
       "      <td>1.000000</td>\n",
       "      <td>0.088119</td>\n",
       "      <td>0.229462</td>\n",
       "      <td>0.010085</td>\n",
       "      <td>0.117818</td>\n",
       "      <td>-0.370008</td>\n",
       "      <td>0.301513</td>\n",
       "      <td>0.147678</td>\n",
       "      <td>0.213834</td>\n",
       "    </tr>\n",
       "    <tr>\n",
       "      <th>bmi</th>\n",
       "      <td>0.202593</td>\n",
       "      <td>0.088119</td>\n",
       "      <td>1.000000</td>\n",
       "      <td>0.378018</td>\n",
       "      <td>0.217977</td>\n",
       "      <td>0.238805</td>\n",
       "      <td>-0.391322</td>\n",
       "      <td>0.411254</td>\n",
       "      <td>0.432330</td>\n",
       "      <td>0.374699</td>\n",
       "    </tr>\n",
       "    <tr>\n",
       "      <th>bp</th>\n",
       "      <td>0.367480</td>\n",
       "      <td>0.229462</td>\n",
       "      <td>0.378018</td>\n",
       "      <td>1.000000</td>\n",
       "      <td>0.224566</td>\n",
       "      <td>0.159557</td>\n",
       "      <td>-0.193112</td>\n",
       "      <td>0.244144</td>\n",
       "      <td>0.399922</td>\n",
       "      <td>0.376167</td>\n",
       "    </tr>\n",
       "    <tr>\n",
       "      <th>s1</th>\n",
       "      <td>0.238894</td>\n",
       "      <td>0.010085</td>\n",
       "      <td>0.217977</td>\n",
       "      <td>0.224566</td>\n",
       "      <td>1.000000</td>\n",
       "      <td>0.880910</td>\n",
       "      <td>0.018819</td>\n",
       "      <td>0.548260</td>\n",
       "      <td>0.544284</td>\n",
       "      <td>0.309938</td>\n",
       "    </tr>\n",
       "    <tr>\n",
       "      <th>s2</th>\n",
       "      <td>0.194840</td>\n",
       "      <td>0.117818</td>\n",
       "      <td>0.238805</td>\n",
       "      <td>0.159557</td>\n",
       "      <td>0.880910</td>\n",
       "      <td>1.000000</td>\n",
       "      <td>-0.240253</td>\n",
       "      <td>0.661777</td>\n",
       "      <td>0.321810</td>\n",
       "      <td>0.278650</td>\n",
       "    </tr>\n",
       "    <tr>\n",
       "      <th>s3</th>\n",
       "      <td>-0.119524</td>\n",
       "      <td>-0.370008</td>\n",
       "      <td>-0.391322</td>\n",
       "      <td>-0.193112</td>\n",
       "      <td>0.018819</td>\n",
       "      <td>-0.240253</td>\n",
       "      <td>1.000000</td>\n",
       "      <td>-0.752319</td>\n",
       "      <td>-0.395944</td>\n",
       "      <td>-0.316024</td>\n",
       "    </tr>\n",
       "    <tr>\n",
       "      <th>s4</th>\n",
       "      <td>0.228041</td>\n",
       "      <td>0.301513</td>\n",
       "      <td>0.411254</td>\n",
       "      <td>0.244144</td>\n",
       "      <td>0.548260</td>\n",
       "      <td>0.661777</td>\n",
       "      <td>-0.752319</td>\n",
       "      <td>1.000000</td>\n",
       "      <td>0.624990</td>\n",
       "      <td>0.440174</td>\n",
       "    </tr>\n",
       "    <tr>\n",
       "      <th>s5</th>\n",
       "      <td>0.302277</td>\n",
       "      <td>0.147678</td>\n",
       "      <td>0.432330</td>\n",
       "      <td>0.399922</td>\n",
       "      <td>0.544284</td>\n",
       "      <td>0.321810</td>\n",
       "      <td>-0.395944</td>\n",
       "      <td>0.624990</td>\n",
       "      <td>1.000000</td>\n",
       "      <td>0.472259</td>\n",
       "    </tr>\n",
       "    <tr>\n",
       "      <th>s6</th>\n",
       "      <td>0.345631</td>\n",
       "      <td>0.213834</td>\n",
       "      <td>0.374699</td>\n",
       "      <td>0.376167</td>\n",
       "      <td>0.309938</td>\n",
       "      <td>0.278650</td>\n",
       "      <td>-0.316024</td>\n",
       "      <td>0.440174</td>\n",
       "      <td>0.472259</td>\n",
       "      <td>1.000000</td>\n",
       "    </tr>\n",
       "  </tbody>\n",
       "</table>\n",
       "</div>"
      ],
      "text/plain": [
       "          age       sex       bmi        bp        s1        s2        s3  \\\n",
       "age  1.000000  0.196083  0.202593  0.367480  0.238894  0.194840 -0.119524   \n",
       "sex  0.196083  1.000000  0.088119  0.229462  0.010085  0.117818 -0.370008   \n",
       "bmi  0.202593  0.088119  1.000000  0.378018  0.217977  0.238805 -0.391322   \n",
       "bp   0.367480  0.229462  0.378018  1.000000  0.224566  0.159557 -0.193112   \n",
       "s1   0.238894  0.010085  0.217977  0.224566  1.000000  0.880910  0.018819   \n",
       "s2   0.194840  0.117818  0.238805  0.159557  0.880910  1.000000 -0.240253   \n",
       "s3  -0.119524 -0.370008 -0.391322 -0.193112  0.018819 -0.240253  1.000000   \n",
       "s4   0.228041  0.301513  0.411254  0.244144  0.548260  0.661777 -0.752319   \n",
       "s5   0.302277  0.147678  0.432330  0.399922  0.544284  0.321810 -0.395944   \n",
       "s6   0.345631  0.213834  0.374699  0.376167  0.309938  0.278650 -0.316024   \n",
       "\n",
       "           s4        s5        s6  \n",
       "age  0.228041  0.302277  0.345631  \n",
       "sex  0.301513  0.147678  0.213834  \n",
       "bmi  0.411254  0.432330  0.374699  \n",
       "bp   0.244144  0.399922  0.376167  \n",
       "s1   0.548260  0.544284  0.309938  \n",
       "s2   0.661777  0.321810  0.278650  \n",
       "s3  -0.752319 -0.395944 -0.316024  \n",
       "s4   1.000000  0.624990  0.440174  \n",
       "s5   0.624990  1.000000  0.472259  \n",
       "s6   0.440174  0.472259  1.000000  "
      ]
     },
     "execution_count": 9,
     "metadata": {},
     "output_type": "execute_result"
    }
   ],
   "source": [
    "X_train.corr()"
   ]
  },
  {
   "cell_type": "code",
   "execution_count": 10,
   "id": "bf6f2e78",
   "metadata": {},
   "outputs": [
    {
     "data": {
      "text/plain": [
       "DecisionTreeRegressor()"
      ]
     },
     "execution_count": 10,
     "metadata": {},
     "output_type": "execute_result"
    }
   ],
   "source": [
    "from sklearn.tree import DecisionTreeRegressor\n",
    "regressor = DecisionTreeRegressor()\n",
    "regressor.fit(X_train,y_train)"
   ]
  },
  {
   "cell_type": "markdown",
   "id": "0e79a311",
   "metadata": {},
   "source": [
    "## hyperparamter tunning"
   ]
  },
  {
   "cell_type": "code",
   "execution_count": 11,
   "id": "b2bc73fb",
   "metadata": {},
   "outputs": [],
   "source": [
    "params = {'criterion':['squared_error', 'friedman_mse', 'absolute_error', 'poisson'],'splitter':['best','random'],'max_depth':[1,2,3,4,5,10,15,20,25],'max_features':['auto','sqrt','log2']}\n"
   ]
  },
  {
   "cell_type": "code",
   "execution_count": 16,
   "id": "8941aead",
   "metadata": {},
   "outputs": [],
   "source": [
    "from sklearn.model_selection import GridSearchCV\n",
    "grid = GridSearchCV(regressor,param_grid=params,cv=5,scoring='neg_mean_squared_error')"
   ]
  },
  {
   "cell_type": "code",
   "execution_count": 17,
   "id": "f8f6b81e",
   "metadata": {},
   "outputs": [
    {
     "data": {
      "text/plain": [
       "GridSearchCV(cv=5, estimator=DecisionTreeRegressor(),\n",
       "             param_grid={'criterion': ['squared_error', 'friedman_mse',\n",
       "                                       'absolute_error', 'poisson'],\n",
       "                         'max_depth': [1, 2, 3, 4, 5, 10, 15, 20, 25],\n",
       "                         'max_features': ['auto', 'sqrt', 'log2'],\n",
       "                         'splitter': ['best', 'random']},\n",
       "             scoring='neg_mean_squared_error')"
      ]
     },
     "execution_count": 17,
     "metadata": {},
     "output_type": "execute_result"
    }
   ],
   "source": [
    "grid.fit(X_train,y_train)"
   ]
  },
  {
   "cell_type": "code",
   "execution_count": 18,
   "id": "4fa22b2e",
   "metadata": {},
   "outputs": [
    {
     "data": {
      "text/plain": [
       "{'criterion': 'squared_error',\n",
       " 'max_depth': 3,\n",
       " 'max_features': 'sqrt',\n",
       " 'splitter': 'best'}"
      ]
     },
     "execution_count": 18,
     "metadata": {},
     "output_type": "execute_result"
    }
   ],
   "source": [
    "grid.best_params_"
   ]
  },
  {
   "cell_type": "code",
   "execution_count": 19,
   "id": "96aa0f2d",
   "metadata": {},
   "outputs": [],
   "source": [
    "y_pred = grid.predict(X_test)"
   ]
  },
  {
   "cell_type": "code",
   "execution_count": 20,
   "id": "e77d336e",
   "metadata": {},
   "outputs": [],
   "source": [
    "from sklearn.metrics import r2_score,mean_absolute_error,mean_squared_error\n"
   ]
  },
  {
   "cell_type": "code",
   "execution_count": 22,
   "id": "c71559e8",
   "metadata": {},
   "outputs": [
    {
     "name": "stdout",
     "output_type": "stream",
     "text": [
      "0.21987155040662176\n",
      "4876.731557753043\n",
      "54.89733048065707\n"
     ]
    }
   ],
   "source": [
    "print(r2_score(y_test,y_pred))\n",
    "print(mean_squared_error(y_test,y_pred))\n",
    "print(mean_absolute_error(y_test,y_pred))"
   ]
  },
  {
   "cell_type": "code",
   "execution_count": null,
   "id": "aa3e9bbb",
   "metadata": {},
   "outputs": [],
   "source": []
  }
 ],
 "metadata": {
  "kernelspec": {
   "display_name": "Python 3",
   "language": "python",
   "name": "python3"
  },
  "language_info": {
   "codemirror_mode": {
    "name": "ipython",
    "version": 3
   },
   "file_extension": ".py",
   "mimetype": "text/x-python",
   "name": "python",
   "nbconvert_exporter": "python",
   "pygments_lexer": "ipython3",
   "version": "3.10.2"
  }
 },
 "nbformat": 4,
 "nbformat_minor": 5
}
